start=55.700000
sub-scale=0.800000
